 -0.03704 -0.04909 -0.06407 -0.08153 -0.09957 -0.11407 -0.11944 -0.11197 -0.09321 -0.06875 -0.04409 -0.02262 -0.00580  0.00613  0.01362  0.01748  0.01864  0.01801  0.01634  0.01420  0.01196  0.00984  0.00795  0.00634  0.00500  0.00391
 -0.04164 -0.05625 -0.07520 -0.09854 -0.12440 -0.14710 -0.15692 -0.14641 -0.11862 -0.08376 -0.05036 -0.02258 -0.00169  0.01247  0.02079  0.02447  0.02488  0.02325  0.02055  0.01747  0.01444  0.01169  0.00932  0.00734  0.00573  0.00444
 -0.04606 -0.06339 -0.08686 -0.11755 -0.15454 -0.19077 -0.20920 -0.19373 -0.15093 -0.10069 -0.05573 -0.02024  0.00532  0.02181  0.03067  0.03371  0.03284  0.02972  0.02560  0.02130  0.01729  0.01378  0.01083  0.00843  0.00651  0.00500
 -0.04999 -0.06999 -0.09821 -0.13749 -0.18958 -0.24843 -0.28490 -0.26022 -0.19096 -0.11827 -0.05869 -0.01420  0.01650  0.03522  0.04411  0.04578  0.04287  0.03760  0.03157  0.02570  0.02048  0.01607  0.01247  0.00959  0.00734  0.00558
 -0.05309 -0.07541 -0.10803 -0.15616 -0.22681 -0.32262 -0.40138 -0.35583 -0.23707 -0.13348 -0.05694 -0.00264  0.03347  0.05411  0.06220  0.06137  0.05532  0.04706  0.03850  0.03068  0.02401  0.01855  0.01421  0.01081  0.00819  0.00618
 -0.05505 -0.07897 -0.11486 -0.17025 -0.25913 -0.40732 -0.60247 -0.49160 -0.28037 -0.14100 -0.04754  0.01669  0.05832  0.08033  0.08627  0.08124  0.07055  0.05817  0.04638  0.03617  0.02781  0.02117  0.01601  0.01205  0.00905  0.00678
 -0.05561 -0.08013 -0.11738 -0.17615 -0.27504 -0.46494 -1.01503 -0.62428 -0.29949 -0.13422 -0.02754  0.04624  0.09373  0.11637  0.11802  0.10623  0.08880  0.07092  0.05509  0.04206  0.03178  0.02385  0.01783  0.01329  0.00990  0.00736
 -0.05468 -0.07865 -0.11491 -0.17173 -0.26588 -0.43773 -0.76274 -0.55475 -0.27391 -0.10898  0.00503  0.08855  0.14328  0.16572  0.15958  0.13710  0.11009  0.08509  0.06439  0.04816  0.03580  0.02652  0.01961  0.01449  0.01071  0.00791
 -0.05230 -0.07463 -0.10775 -0.15785 -0.23504 -0.35109 -0.46550 -0.38693 -0.21237 -0.06721  0.05012  0.14607  0.21221  0.23362  0.21355  0.17423  0.13398  0.10014  0.07388  0.05420  0.03968  0.02904  0.02127  0.01560  0.01145  0.00841
 -0.04869 -0.06855 -0.09703 -0.13774 -0.19421 -0.26244 -0.30461 -0.25553 -0.14051 -0.01593  0.10533  0.22090  0.30899  0.32872  0.28264  0.21700  0.15929  0.11518  0.08298  0.05982  0.04323  0.03132  0.02275  0.01657  0.01210  0.00885
 -0.04419 -0.06109 -0.08428 -0.11518 -0.15323 -0.19027 -0.20213 -0.16155 -0.07459  0.03662  0.16549  0.31326  0.44890  0.46653  0.36793  0.26248  0.18374  0.12887  0.09097  0.06464  0.04621  0.03321  0.02397  0.01737  0.01263  0.00921
 -0.03914 -0.05296 -0.07093 -0.09303 -0.11690 -0.13479 -0.13184 -0.09403 -0.02053  0.08326  0.22184  0.41522  0.66196  0.67729  0.46234  0.30386  0.20393  0.13962  0.09706  0.06826  0.04843  0.03461  0.02487  0.01796  0.01302  0.00947
 -0.03390 -0.04476 -0.05806 -0.07297 -0.08666 -0.09288 -0.08210 -0.04561  0.02029  0.11846  0.26228  0.49586  0.97800  0.99103  0.53558  0.33027  0.21600  0.14590  0.10060  0.07036  0.04972  0.03542  0.02540  0.01830  0.01325  0.00962
 -0.02875 -0.03697 -0.04635 -0.05572 -0.06237 -0.06152 -0.04667 -0.01162  0.04827  0.13909  0.27655  0.50542  0.98433  0.99522  0.53836  0.33212  0.21724  0.14674  0.10117  0.07075  0.04999  0.03561  0.02553  0.01839  0.01331  0.00967
 -0.02391 -0.02989 -0.03613 -0.04140 -0.04335 -0.03834 -0.02172  0.01119  0.06486  0.14534  0.26437  0.44359  0.68071  0.68967  0.47055  0.30934  0.20761  0.14211  0.09876  0.06942  0.04923  0.03516  0.02525  0.01822  0.01320  0.00960
 -0.01951 -0.02365 -0.02749 -0.02984 -0.02878 -0.02150 -0.00462  0.02541  0.07224  0.14027  0.23525  0.35939  0.47929  0.48659  0.38125  0.27138  0.18972  0.13292  0.09373  0.06653  0.04752  0.03411  0.02460  0.01781  0.01294  0.00942
 -0.01563 -0.01833 -0.02037 -0.02073 -0.01783 -0.00956  0.00658  0.03322  0.07293  0.12816  0.20009  0.28292  0.34971  0.35561  0.30052  0.22897  0.16736  0.12066  0.08672  0.06239  0.04500  0.03255  0.02361  0.01717  0.01252  0.00915
 -0.01229 -0.01388 -0.01464 -0.01370 -0.00981 -0.00137  0.01344  0.03645  0.06928  0.11281  0.16582  0.22118  0.26146  0.26620  0.23528  0.18883  0.14386  0.10687  0.07849  0.05737  0.04188  0.03057  0.02234  0.01634  0.01197  0.00728
 -0.00947 -0.01025 -0.01013 -0.00840 -0.00409  0.00400  0.01716  0.03661  0.06320  0.09686  0.13550  0.17306  0.19881  0.20261  0.18431  0.15380  0.12144  0.09285  0.06973  0.05185  0.03836  0.02830  0.02086  0.01537  0.01132  0.00476
 -0.00714 -0.00734 -0.00665 -0.00450 -0.00014  0.00730  0.01871  0.03486  0.05607  0.08181  0.10992  0.13586  0.15305  0.15607  0.14481  0.12444  0.10125  0.07949  0.06100  0.04617  0.03464  0.02585  0.01923  0.01428  0.00730  0.00331
 -0.00525 -0.00505 -0.00402 -0.00170  0.00246  0.00910  0.01882  0.03203  0.04877  0.06834  0.08885  0.10708  0.11893  0.12133  0.11419  0.10038  0.08373  0.06729  0.05271  0.04059  0.03090  0.02334  0.01754  0.01030  0.00483  0.00189
 -0.00374 -0.00328 -0.00208  0.00023  0.00406  0.00986  0.01801  0.02871  0.04183  0.05667  0.07173  0.08473  0.09310  0.09501  0.09038  0.08086  0.06887  0.05649  0.04510  0.03531  0.02726  0.02085  0.01519  0.00641  0.00277  0.00105
 -0.00255 -0.00194 -0.00068  0.00152  0.00495  0.00992  0.01667  0.02527  0.03552  0.04677  0.05789  0.06729  0.07331  0.07483  0.07178  0.06513  0.05644  0.04714  0.03828  0.03044  0.02383  0.01781  0.00841  0.00414  0.00191  0.00083
 -0.00164 -0.00096  0.00029  0.00231  0.00532  0.00954  0.01508  0.02195  0.02993  0.03847  0.04674  0.05362  0.05802  0.05922  0.05718  0.05249  0.04614  0.03915  0.03229  0.02605  0.01783  0.01063  0.00590  0.00318  0.00170  0.00073
 -0.00095 -0.00025  0.00093  0.00275  0.00536  0.00888  0.01341  0.01887  0.02508  0.03159  0.03777  0.04285  0.04610  0.04706  0.04567  0.04233  0.03767  0.03240  0.02710  0.01887  0.01282  0.00787  0.00477  0.00289  0.00158  0.00152
 -0.00044  0.00025  0.00133  0.00294  0.00516  0.00809  0.01176  0.01610  0.02093  0.02590  0.03055  0.03433  0.03676  0.03752  0.03658  0.03417  0.03073  0.02524  0.01907  0.01421  0.00982  0.00650  0.00430  0.00267  0.00233  0.00186
